lr:0.5863453815261044
svm:0.6305220883534136
