lr:0.5823293172690763
svm:0.7108433734939759
